Generation 1: movement -0.41451219287891017,0.0,0.647675301373297,0.0,0.0,0.0,-0.11426007536116319,0.0,0.17853136775181744,0.0,-0.3914486423459942,0.0,0.6116385036656158,0.0,0.4409862402409197,0.0,-0.6890410003764369 rotation 0.0,56.25,0.0,2.879624724875274,0.0,-7.5262451739169745,0.0,4.729424283280248,0.0,0.0,0.0,0.9994007080285388,0.0,2.0398703162192864,0.0,-5.627240503927933
Generation 2: movement -0.029024385757820147,0.0,0.04535060274659397,0.0,0.0,0.0,-0.22852015072232637,0.0,0.3570627355036349,0.0,-0.7828972846919884,0.0,1.2232770073312316,0.0,0.8819724804818394,0.0,-1.3780820007528738 rotation 0.0,56.25,0.0,5.759249449750548,0.0,-15.052490347833949,0.0,9.458848566560496,0.0,0.0,0.0,1.9988014160570775,0.0,4.079740632438573,0.0,-11.254481007855865
Generation 13: movement -0.03179164080792466,0.0,0.051008379923454215,0.0,-0.00208428306417491,0.0,-0.21171726479666375,0.0,0.33080822624478706,0.0,-0.7698340242622866,0.0,1.2028656629098227,0.0,0.8819724804818394,0.0,-1.374410375949892,0.0,-0.005736913754659192 rotation 0.0,56.25486545134148,0.0,5.751647182029491,0.0,-15.281365191971497,0.0,9.816465510525417,0.0,0.0,0.0,1.9988014160570775,0.0,4.079740632438573,0.0,-11.254481007855865
Generation 19: movement -0.03179164080792466,0.0,0.04833592829037683,0.0,-0.0033559395058797565,0.0,-0.2032057614866821,0.0,0.33080822624478706,0.0,-0.7698340242622866,0.0,1.2028656629098227,0.0,0.8819724804818394,0.0,-1.3765126183167562,0.0,-0.002452160056433745 rotation 0.0,56.248844323520395,0.0,4.695514992833741,0.0,-12.632368287603938,0.0,8.278824354814859,0.0,0.0,0.0,1.9138852535026303,0.0,4.212422136429897,0.0,-11.254481007855865
Generation 57: movement -0.03179164080792466,0.0,0.05286144229642234,0.0,-0.011737762151822392,0.0,-0.2011577817812188,0.0,0.33080822624478706,0.0,-0.8538531212853765,0.0,1.3341455020084005,0.0,0.8819724804818394,0.0,-1.3765126183167562,0.0,-0.002452160056433745 rotation 0.0,56.248844323520395,0.0,4.996826191437057,0.0,-12.399814454506977,0.0,7.17983594713573,0.0,-0.00012738639773404118,0.0,1.9140842947490897,0.0,3.557309476874002,0.0,-10.230867477299782
Generation 60: movement -0.026183624169218746,0.0,0.038990092823810454,0.0,-0.006498464502050445,0.0,-0.19687147079786954,0.0,0.334037106582729,0.0,-0.8588982468134108,0.0,1.3341455020084005,0.0,0.8819724804818394,0.0,-1.3748851236876531,0.0,-0.0049951204144072035 rotation 0.0,56.248844323520395,0.0,4.996826191437057,0.0,-12.399814454506977,0.0,7.17983594713573,0.0,-0.00012738639773404118,0.0,1.9140842947490897,0.0,3.557309476874002,0.0,-10.230555528857453,0.0,-0.00048741944113861013
Generation 111: movement -0.024755954016386632,0.0,0.03675935821001027,0.0,-0.006498464502050445,0.0,-0.19687147079786954,0.0,0.334037106582729,0.0,-0.8588982468134108,0.0,1.3341455020084005,0.0,0.8819724804818394,0.0,-1.3706210023926437,0.0,-0.011657809937859422 rotation 0.0,56.248844323520395,0.0,4.667335823120416,0.0,-11.884985754012224,0.0,7.17983594713573,0.0,-0.00012738639773404118,0.0,1.9140842947490897,0.0,4.207778955585992,0.0,-11.24529240705328,0.0,-0.003021298021852399
Generation 112: movement -0.023328283863554514,0.0,0.03452862359621009,0.0,-0.006498464502050445,0.0,-0.19687147079786954,0.0,0.334037106582729,0.0,-0.8588982468134108,0.0,1.3341455020084005,0.0,0.8819724804818394,0.0,-1.3663568810976343,0.0,-0.01832049946131164 rotation 0.0,56.248844323520395,0.0,4.337845454803774,0.0,-11.37015705351747,0.0,7.17983594713573,0.0,-0.00012738639773404118,0.0,1.9140842947490897,0.0,4.85824843429798,0.0,-12.260029285249104,0.0,-0.005555176602566188
Generation 113: movement -0.021900613710722397,0.0,0.03229788898240991,0.0,-0.006498464502050445,0.0,-0.19687147079786954,0.0,0.334037106582729,0.0,-0.8588982468134108,0.0,1.3341455020084005,0.0,0.8819724804818394,0.0,-1.362092759802625,0.0,-0.024983188984763857 rotation 0.0,56.248844323520395,0.0,4.008355086487132,0.0,-10.855328353022719,0.0,7.17983594713573,0.0,-0.00012738639773404118,0.0,1.9140842947490897,0.0,5.508717913009969,0.0,-13.27476616344493,0.0,-0.008089055183279978
Generation 114: movement -0.02047294355789028,0.0,0.030067154368609725,0.0,-0.006498464502050445,0.0,-0.19687147079786954,0.0,0.334037106582729,0.0,-0.8588982468134108,0.0,1.3341455020084005,0.0,0.8819724804818394,0.0,-1.3578286385076155,0.0,-0.031645878508216076 rotation 0.0,56.248844323520395,0.0,3.678864718170491,0.0,-10.340499652527967,0.0,7.17983594713573,0.0,-0.00012738639773404118,0.0,1.9140842947490897,0.0,6.159187391721959,0.0,-14.289503041640756,0.0,-0.010622933763993767
Generation 115: movement -0.019045273405058162,0.0,0.027836419754809542,0.0,-0.006498464502050445,0.0,-0.19687147079786954,0.0,0.334037106582729,0.0,-0.8588982468134108,0.0,1.3341455020084005,0.0,0.8819724804818394,0.0,-1.353564517212606,0.0,-0.038308568031668294 rotation 0.0,56.248844323520395,0.0,3.349374349853849,0.0,-9.825670952033214,0.0,7.17983594713573,0.0,-0.00012738639773404118,0.0,1.9140842947490897,0.0,6.8096568704339475,0.0,-15.304239919836581,0.0,-0.013156812344707556
Generation 116: movement -0.017617603252226045,0.0,0.02560568514100936,0.0,-0.006498464502050445,0.0,-0.19687147079786954,0.0,0.334037106582729,0.0,-0.8588982468134108,0.0,1.3341455020084005,0.0,0.8819724804818394,0.0,-1.3493003959175967,0.0,-0.04497125755512051 rotation 0.0,56.248844323520395,0.0,3.0198839815372076,0.0,-9.31084225153846,0.0,7.17983594713573,0.0,-0.00012738639773404118,0.0,1.9140842947490897,0.0,7.460126349145936,0.0,-16.318976798032406,0.0,-0.015690690925421344
Generation 118: movement -0.017617603252226045,0.0,0.02560568514100936,0.0,-0.006498464502050445,0.0,-0.19687147079786954,0.0,0.334037106582729,0.0,-0.8790565283322073,0.0,1.36564281688152,0.0,1.0307586569738743,0.0,-1.5790737766562084,0.0,-0.04919785135229625 rotation 0.0,56.252849461696876,0.0,3.0136259531364558,0.0,-9.31084225153846,0.0,7.17983594713573,0.0,-0.00012738639773404118,0.0,1.9140842947490897,0.0,7.897965109911356,0.0,-17.003099861728373,0.0,-0.015690690925421344
Generation 137: movement -0.01479974154701931,0.0,0.021202776226623837,0.0,-0.008023924327277911,0.0,-0.17882784124065398,0.0,0.30956820255101397,0.0,-0.8790565283322073,0.0,1.3684616842423012,0.0,1.1381870915133772,0.0,-1.7538127060167144,0.0,-0.04919785135229625 rotation 0.0,56.252849461696876,0.0,3.5118703147688914,0.0,-10.089349066589142,0.0,7.1788902293782035,0.0,0.0013502975984004146,0.0,1.9140842947490897,0.0,7.1778071106606305,0.0,-15.874201354055534,0.0,-0.02139636880602081
Generation 140: movement -0.01479974154701931,0.0,0.021202776226623837,0.0,-0.008023924327277911,0.0,-0.1601818163936237,0.0,0.27738604343318457,0.0,-0.8742944263097939,0.0,1.3684616842423012,0.0,1.1381870915133772,0.0,-1.7538127060167144,0.0,-0.04919785135229625 rotation 0.0,56.25616270591889,0.0,3.506693370671987,0.0,-10.089349066589142,0.0,7.1788902293782035,0.0,0.0013502975984004146,0.0,1.9140842947490897,0.0,7.1778071106606305,0.0,-15.874201354055534,0.0,-0.02139636880602081
Generation 172: movement -0.01479974154701931,0.0,0.021202776226623837,0.0,-0.01060305150049244,0.0,-0.156151930185476,0.0,0.27738604343318457,0.0,-0.8742944263097939,0.0,1.3684616842423012,0.0,1.086970995943999,0.0,-1.6718073145250625,0.0,-0.052291979734324624 rotation 0.0,56.25616270591889,0.0,3.506693370671987,0.0,-10.089349066589142,0.0,7.1788902293782035,0.0,-0.004583699683900421,0.0,1.9233561655026847,0.0,7.1778071106606305,0.0,-15.873084496107472,0.0,-0.023141459349868426
Generation 183: movement -0.010926686730352636,0.0,0.015151128075582158,0.0,-0.01060305150049244,0.0,-0.156151930185476,0.0,0.27738604343318457,0.0,-0.8098909588412979,0.0,1.271754484638112,0.0,1.080840967326287,0.0,-1.6738479193363185,0.0,-0.04910353471673716 rotation 0.0,56.26109553737972,0.0,3.498985821514451,0.0,-10.089349066589142,0.0,7.175676894156687,0.0,0.0004371365997192598,0.0,1.9233561655026847,0.0,7.1778071106606305,0.0,-15.875282067296148,0.0,-0.019707754367563442
Generation 184: movement -0.00705363191368596,0.0,0.00909947992454048,0.0,-0.01060305150049244,0.0,-0.156151930185476,0.0,0.27738604343318457,0.0,-0.7454874913728019,0.0,1.1750472850339226,0.0,1.0747109387085751,0.0,-1.6758885241475745,0.0,-0.045915089699149696 rotation 0.0,56.26602836884054,0.0,3.4912782723569147,0.0,-10.089349066589142,0.0,7.172463558935171,0.0,0.005457972883338941,0.0,1.9233561655026847,0.0,7.1778071106606305,0.0,-15.877479638484822,0.0,-0.01627404938525846
Generation 185: movement -0.0031805770970192845,0.0,0.0030478317734987997,0.0,-0.01060305150049244,0.0,-0.156151930185476,0.0,0.27738604343318457,0.0,-0.6810840239043059,0.0,1.0783400854297331,0.0,1.0685809100908632,0.0,-1.6779291289588305,0.0,-0.04272664468156223 rotation 0.0,56.270961200301365,0.0,3.4835707231993784,0.0,-10.089349066589142,0.0,7.169250223713654,0.0,0.010478809166958623,0.0,1.9233561655026847,0.0,7.1778071106606305,0.0,-15.879677209673497,0.0,-0.012840344402953476
Generation 213: movement 0.0026819077795106954,0.0,-0.006112300846079292,0.0,-0.01060305150049244,0.0,-0.156151930185476,0.0,0.27738604343318457,0.0,-0.6011632187895963,0.0,0.9519451732499938,0.0,1.070953807259622,0.0,-1.6779291289588305,0.0,-0.04272664468156223 rotation 0.0,56.26918814414722,0.0,3.0190224175968763,0.0,-9.35916358870892,0.0,7.174204739434406,0.0,0.0027373783532833726,0.0,2.141689833047244,0.0,8.163019574328462,0.0,-17.952112864683194,0.0,-0.012840344402953476
Generation 214: movement 0.008544392656040675,0.0,-0.015272433465657383,0.0,-0.01060305150049244,0.0,-0.156151930185476,0.0,0.27738604343318457,0.0,-0.5212424136748867,0.0,0.8255502610702544,0.0,1.0733267044283807,0.0,-1.6779291289588305,0.0,-0.04272664468156223 rotation 0.0,56.267415087993086,0.0,2.5544741119943746,0.0,-8.628978110828697,0.0,7.179159255155158,0.0,-0.005004052460391877,0.0,2.3600235005918035,0.0,9.148232037996296,0.0,-20.024548519692893,0.0,-0.012840344402953476
Generation 246: movement 0.008544392656040675,0.0,-0.015272433465657383,0.0,-0.01060305150049244,0.0,-0.156151930185476,0.0,0.2766673252239702,0.0,-0.4847652427929509,0.0,0.7703093646951945,0.0,1.0733267044283807,0.0,-1.6746483745402618,0.0,-0.04785282346057583 rotation 0.0,56.26916293637107,0.0,2.182301796951327,0.0,-8.620293157820564,0.0,8.067705233497897,0.0,-0.0002988721424323881,0.0,2.352281241737808,0.0,9.148232037996296,0.0,-20.022610797353686,0.0,-0.015868035557963903
Generation 254: movement 0.008544392656040675,0.0,-0.015272433465657383,0.0,-0.010259506309504004,0.0,-0.13077190347281528,0.0,0.23617230010900125,0.0,-0.4847652427929509,0.0,0.7703093646951945,0.0,1.2217747578433205,0.0,-1.9065984580011053,0.0,-0.04785282346057583 rotation 0.0,56.26916293637107,0.0,2.182301796951327,0.0,-8.620293157820564,0.0,8.067705233497897,0.0,-0.0002988721424323881,0.0,2.708135799852776,0.0,8.592209290941659,0.0,-20.022610797353686,0.0,-0.015868035557963903
Generation 285: movement 0.010303515014456853,0.0,-0.01802106215068266,0.0,-0.010259506309504004,0.0,-0.13077190347281528,0.0,0.23617230010900125,0.0,-0.5179730047181332,0.0,0.8181699441156266,0.0,1.083935158800521,0.0,-1.6778937963214529,0.0,-0.05332133484717473 rotation 0.0,56.26916293637107,0.0,2.182301796951327,0.0,-8.620293157820564,0.0,8.067705233497897,0.0,0.00020683846738214589,0.0,2.4262029302141537,0.0,9.031494754708513,0.0,-20.022610797353686,0.0,-0.015868035557963903
Generation 286: movement 0.012062637372873034,0.0,-0.02076969083570794,0.0,-0.010259506309504004,0.0,-0.13077190347281528,0.0,0.23617230010900125,0.0,-0.5511807666433155,0.0,0.8660305235360587,0.0,0.9460955597577214,0.0,-1.4491891346418007,0.0,-0.05878984623377363 rotation 0.0,56.26916293637107,0.0,2.182301796951327,0.0,-8.620293157820564,0.0,8.067705233497897,0.0,0.0007125490771966801,0.0,2.144270060575532,0.0,9.470780218475367,0.0,-20.022610797353686,0.0,-0.015868035557963903
Generation 288: movement 0.01694043298248747,0.0,-0.022839212698650517,0.0,-0.018934559086191478,0.0,-0.13077190347281528,0.0,0.23617230010900125,0.0,-0.5511807666433155,0.0,0.8608954852364958,0.0,0.9978453644305144,0.0,-1.5219385173318898,0.0,-0.05187261578472326 rotation 0.0,56.27389614274036,0.0,2.044249766841044,0.0,-8.416142540385781,0.0,8.064189171954979,0.0,0.006206395238004123,0.0,2.4045350805592633,0.0,9.064116124750786,0.0,-20.022610797353686,0.0,-0.015868035557963903
Generation 290: movement 0.019732666051738207,0.0,-0.027202076869354788,0.0,-0.018934559086191478,0.0,-0.13077190347281528,0.0,0.23983290316300238,0.0,-0.5569004589151922,0.0,0.8608954852364958,0.0,0.9978453644305144,0.0,-1.5219385173318898,0.0,-0.05187261578472326 rotation 0.0,56.27389614274036,0.0,2.044249766841044,0.0,-7.873639396901941,0.0,7.21652801026148,0.0,0.006206395238004123,0.0,2.3522668084454423,0.0,8.835731408431736,0.0,-19.534529167260175,0.0,-0.021528074041730873
Generation 324: movement 0.019732666051738207,0.0,-0.02367050104522428,0.0,-0.022408796250444715,0.0,-0.13396541919305072,0.0,0.23499816847929586,0.0,-0.4897474820412139,0.0,0.7677725103447974,0.0,0.9978453644305144,0.0,-1.5219385173318898,0.0,-0.05187261578472326 rotation 0.0,56.27761540109104,0.0,2.3488958421676682,0.0,-8.358729110182493,0.0,7.21652801026148,0.0,0.002008652026309246,0.0,2.3588257822137155,0.0,10.525341959216203,0.0,-22.174545652860903,0.0,-0.021528074041730873
Generation 341: movement 0.019732666051738207,0.0,-0.02367050104522428,0.0,-0.022408796250444715,0.0,-0.15162959574432155,0.0,0.26259844434065654,0.0,-0.4897474820412139,0.0,0.7677725103447974,0.0,0.9978453644305144,0.0,-1.5219385173318898,0.0,-0.05187261578472326 rotation 0.0,56.27553825513471,0.0,2.5663860472115103,0.0,-8.693486398443556,0.0,7.211228576773412,0.0,0.0048841172540524305,0.0,2.3672709378345953,0.0,12.680861104158927,0.0,-25.543258437211954,0.0,-0.020412260951038687
Generation 343: movement 0.026012815776553504,0.0,-0.03348323499024818,0.0,-0.022408796250444715,0.0,-0.15162959574432155,0.0,0.26259844434065654,0.0,-0.5355418389451005,0.0,0.8393261930071203,0.0,0.9978453644305144,0.0,-1.5280840420715185,0.0,-0.04227023337905347 rotation 0.0,56.269496155581336,0.0,2.5758268277636565,0.0,-8.693486398443556,0.0,7.211228576773412,0.0,0.0048841172540524305,0.0,2.3672709378345953,0.0,12.680861104158927,0.0,-25.54160058941992,0.0,-0.023002648126084917
Generation 347: movement 0.026012815776553504,0.0,-0.031297310299124775,0.0,-0.027428075752940664,0.0,-0.1457389226665868,0.0,0.2535052994743862,0.0,-0.5295974208386791,0.0,0.8393261930071203,0.0,1.0055782249825158,0.0,-1.5401666366840208,0.0,-0.04227023337905347 rotation 0.0,56.26414074448857,0.0,2.5841946575961003,0.0,-8.546545268948936,0.0,6.976767801663962,0.0,0.012486086432344527,0.0,2.3672709378345953,0.0,11.76926728762719,0.0,-24.117235251089085,0.0,-0.023002648126084917
Generation 372: movement 0.026012815776553504,0.0,-0.037595071180694835,0.0,-0.017587824375487456,0.0,-0.12983271812646963,0.0,0.22865185488045311,0.0,-0.5295974208386791,0.0,0.8392311587818315,0.0,1.0057267159595296,0.0,-1.5401666366840208,0.0,-0.04227023337905347 rotation 0.0,56.25879446385036,0.0,2.5925482210933164,0.0,-8.546545268948936,0.0,6.976767801663962,0.0,0.0077154524123511335,0.0,2.374725053490835,0.0,11.179894177467407,0.0,-23.19623278776855,0.0,-0.023169802338383175
Generation 397: movement 0.026012815776553504,0.0,-0.037595071180694835,0.0,-0.023381313300254482,0.0,-0.12078039168152116,0.0,0.22865185488045311,0.0,-0.5295974208386791,0.0,0.8374950276041275,0.0,1.0657546837483254,0.0,-1.6297217348459478,0.0,-0.04227023337905347 rotation 0.0,56.25343841081029,0.0,2.600917053968422,0.0,-8.546545268948936,0.0,6.976767801663962,0.0,0.0077154524123511335,0.0,2.374725053490835,0.0,11.179894177467407,0.0,-23.19623278776855,0.0,-0.023169802338383175
Generation 415: movement 0.03143630452551431,0.0,-0.0442835892839409,0.0,-0.0261714430924501,0.0,-0.10166341472160989,0.0,0.1996951348104089,0.0,-0.4831205014112685,0.0,0.7626444786213152,0.0,1.0657546837483254,0.0,-1.6297217348459478,0.0,-0.04227023337905347 rotation 0.0,56.248040767064964,0.0,2.609350872320494,0.0,-8.546545268948936,0.0,6.976767801663962,0.0,0.0077154524123511335,0.0,2.374725053490835,0.0,11.179894177467407,0.0,-23.202075558817658,0.0,-0.014040472574158726
Generation 419: movement 0.036426303718746146,0.0,-0.052080463023365636,0.0,-0.0261714430924501,0.0,-0.10166341472160989,0.0,0.1996951348104089,0.0,-0.47769524425987053,0.0,0.7541675143222559,0.0,1.0657546837483254,0.0,-1.6297217348459478,0.0,-0.04227023337905347 rotation 0.0,56.248040767064964,0.0,2.609350872320494,0.0,-8.546545268948936,0.0,6.982050998853751,0.0,-0.0005395431966949294,0.0,2.1443739591620052,0.0,11.539817762356204,0.0,-23.202075558817658,0.0,-0.014040472574158726
Generation 425: movement 0.03263661671636275,0.0,-0.04615907708214158,0.0,-0.0261714430924501,0.0,-0.08929019748389501,0.0,0.1803619828764794,0.0,-0.4947550126844245,0.0,0.7808234024856214,0.0,1.1499768031703923,0.0,-1.7613187964429275,0.0,-0.04227023337905347 rotation 0.0,56.248040767064964,0.0,2.688967028185393,0.0,-8.67094551248784,0.0,6.979815012707074,0.0,-0.002121157949874039,0.0,2.152304182767258,0.0,11.539817762356204,0.0,-23.202075558817658,0.0,-0.014040472574158726
Generation 442: movement 0.03785940272819657,0.0,-0.054319680225631925,0.0,-0.0261714430924501,0.0,-0.08929019748389501,0.0,0.1803619828764794,0.0,-0.4947550126844245,0.0,0.7808234024856214,0.0,1.1499768031703923,0.0,-1.7574516149212311,0.0,-0.048312704506703996 rotation 0.0,56.248040767064964,0.0,2.688967028185393,0.0,-8.67094551248784,0.0,6.981544412472585,0.0,-0.0048233450834860095,0.0,2.3665208129867663,0.0,10.410044809090536,0.0,-21.956898070185098,0.0,-0.018567142928528773
Generation 455: movement 0.03785940272819657,0.0,-0.05379168998110611,0.0,-0.02699642784952168,0.0,-0.0837924539763063,0.0,0.17177175864587205,0.0,-0.4947550126844245,0.0,0.7808234024856214,0.0,1.1499768031703923,0.0,-1.7574516149212311,0.0,-0.048312704506703996 rotation 0.0,56.25151868487681,0.0,2.6835327816043852,0.0,-8.67094551248784,0.0,6.981544412472585,0.0,-0.008713170593147343,0.0,2.378692012767153,0.0,10.400523953744377,0.0,-21.956898070185098,0.0,-0.018567142928528773
Generation 476: movement 0.04068701895681765,0.0,-0.058209840338326546,0.0,-0.02699642784952168,0.0,-0.0837924539763063,0.0,0.17177175864587205,0.0,-0.4555580765641879,0.0,0.7204603022500211,0.0,1.2077807307891653,0.0,-1.849923846679737,0.0,-0.048312704506703996 rotation 0.0,56.24540144070613,0.0,2.6930909756210664,0.0,-8.67094551248784,0.0,6.981544412472585,0.0,-0.008699186469566907,0.0,2.516666307514401,0.0,10.184904977275092,0.0,-21.956898070185098,0.0,-0.018567142928528773
Generation 484: movement 0.037261183254162354,0.0,-0.05285697205292765,0.0,-0.02699642784952168,0.0,-0.0837924539763063,0.0,0.17508636374411887,0.0,-0.4607371470301986,0.0,0.7204603022500211,0.0,1.2077807307891653,0.0,-1.849923846679737,0.0,-0.048312704506703996 rotation 0.0,56.24540144070613,0.0,2.6930909756210664,0.0,-8.67094551248784,0.0,6.981898599230703,0.0,-0.009252603279126111,0.0,2.516666307514401,0.0,8.931228142458457,0.0,-19.994751586925222,0.0,-0.023686563020532642
Generation 489: movement 0.037261183254162354,0.0,-0.05285697205292765,0.0,-0.025512495003316756,0.0,-0.08611109904850149,0.0,0.17508636374411887,0.0,-0.5153891775076342,0.0,0.8058540998710143,0.0,1.2077807307891653,0.0,-1.849923846679737,0.0,-0.048312704506703996 rotation 0.0,56.24540144070613,0.0,2.6930909756210664,0.0,-8.287113003563004,0.0,6.382160304035646,0.0,-0.012747084184363178,0.0,2.5265402219767568,0.0,8.864255974700434,0.0,-19.900883424529688,0.0,-0.023686563020532642
Generation 510: movement 0.03505969944676737,0.0,-0.04941715360387299,0.0,-0.025512495003316756,0.0,-0.10067715398894063,0.0,0.19784582458855504,0.0,-0.5153891775076342,0.0,0.803748559556991,0.0,1.2110706375298266,0.0,-1.849923846679737,0.0,-0.048312704506703996 rotation 0.0,56.24090936887427,0.0,2.4620041142033147,0.0,-7.853612010049822,0.0,6.286127803563471,0.0,-0.0173280800820457,0.0,2.301243396501157,0.0,9.227466336521886,0.0,-19.900883424529688,0.0,-0.023686563020532642
Generation 533: movement 0.03263801475775369,0.0,-0.0449980861023053,0.0,-0.023628798781141443,0.0,-0.09360540327917907,0.0,0.1797743072244561,0.0,-0.5649774258547352,0.0,0.8812301975993363,0.0,1.2110706375298266,0.0,-1.8526865562170811,0.0,-0.04399597085460367 rotation 0.0,56.24419808988299,0.0,2.456865487627182,0.0,-7.680970642414262,0.0,6.016375666632908,0.0,-0.0173280800820457,0.0,2.301243396501157,0.0,9.227466336521886,0.0,-19.900883424529688,0.0,-0.023686563020532642
Generation 566: movement 0.03263801475775369,0.0,-0.0449980861023053,0.0,-0.023628798781141443,0.0,-0.10400463208445007,0.0,0.19602310223269204,0.0,-0.5560822641937146,0.0,0.8673315075039916,0.0,1.3116553843767318,0.0,-2.0058795320167886,0.0,-0.050200175774262744 rotation 0.0,56.244200183879364,0.0,2.5483120238340624,0.0,-7.823860967533332,0.0,6.016375666632908,0.0,-0.0173280800820457,0.0,2.4114779391555152,0.0,9.055224863624451,0.0,-19.899681059924063,0.0,-0.025565257716821298
Generation 573: movement 0.03263801475775369,0.0,-0.03941253393725212,0.0,-0.03235622403903704,0.0,-0.09476893751577543,0.0,0.18159232946913792,0.0,-0.5560822641937146,0.0,0.8673315075039916,0.0,1.3116553843767318,0.0,-2.011368507112058,0.0,-0.04162365218790386 rotation 0.0,56.244200183879364,0.0,2.5483120238340624,0.0,-7.823860967533332,0.0,6.016375666632908,0.0,-0.0173280800820457,0.0,2.4114779391555152,0.0,8.278424573062589,0.0,-18.685930605921154,0.0,-0.025565257716821298
Generation 574: movement 0.03263801475775369,0.0,-0.033826981772198936,0.0,-0.04108364929693263,0.0,-0.0855332429471008,0.0,0.1671615567055838,0.0,-0.5560822641937146,0.0,0.8673315075039916,0.0,1.3116553843767318,0.0,-2.0168574822073277,0.0,-0.03304712860154498 rotation 0.0,56.244200183879364,0.0,2.5483120238340624,0.0,-7.823860967533332,0.0,6.016375666632908,0.0,-0.0173280800820457,0.0,2.4114779391555152,0.0,7.501624282500726,0.0,-17.472180151918245,0.0,-0.025565257716821298
Generation 575: movement 0.03263801475775369,0.0,-0.02824142960714576,0.0,-0.04981107455482822,0.0,-0.07629754837842617,0.0,0.15273078394202969,0.0,-0.5560822641937146,0.0,0.8673315075039916,0.0,1.3116553843767318,0.0,-2.0223464573025978,0.0,-0.024470605015186102 rotation 0.0,56.244200183879364,0.0,2.5483120238340624,0.0,-7.823860967533332,0.0,6.016375666632908,0.0,-0.0173280800820457,0.0,2.4114779391555152,0.0,6.724823991938866,0.0,-16.258429697915336,0.0,-0.025565257716821298
Generation 605: movement 0.034301905747343334,0.0,-0.03653184168024654,0.0,-0.040919539551911084,0.0,-0.07629754837842617,0.0,0.15273078394202969,0.0,-0.5560822641937146,0.0,0.8673315075039916,0.0,1.3116553843767318,0.0,-2.020308151216746,0.0,-0.027655458274329366 rotation 0.0,56.244200183879364,0.0,2.5483120238340624,0.0,-7.823860967533332,0.0,6.016375666632908,0.0,-0.01570702016908987,0.0,2.4089450330415216,0.0,6.56186109191524,0.0,-16.003800166628423,0.0,-0.025565257716821298
Generation 606: movement 0.035965796736932974,0.0,-0.04482225375334732,0.0,-0.03202800454899394,0.0,-0.07629754837842617,0.0,0.15273078394202969,0.0,-0.5560822641937146,0.0,0.8673315075039916,0.0,1.3116553843767318,0.0,-2.0182698451308942,0.0,-0.03084031153347263 rotation 0.0,56.244200183879364,0.0,2.5483120238340624,0.0,-7.823860967533332,0.0,6.016375666632908,0.0,-0.01408596025613404,0.0,2.4064121269275285,0.0,6.398898191891616,0.0,-15.749170635341509,0.0,-0.025565257716821298
Generation 609: movement 0.035965796736932974,0.0,-0.04482225375334732,0.0,-0.03202800454899394,0.0,-0.07629754837842617,0.0,0.15273078394202969,0.0,-0.5560822641937146,0.0,0.8624263746823068,0.0,1.2222545683214519,0.0,-1.872029125441787,0.0,-0.02236612821283302 rotation 0.0,56.244200183879364,0.0,2.6154646602129885,0.0,-8.178097913474138,0.0,6.40592402850593,0.0,-0.01408596025613404,0.0,2.4064121269275285,0.0,6.398898191891616,0.0,-15.7428097166601,0.0,-0.035504193156525005
Generation 627: movement 0.035965796736932974,0.0,-0.04482225375334732,0.0,-0.03202800454899394,0.0,-0.07629754837842617,0.0,0.1516343223486241,0.0,-0.5543690429540185,0.0,0.8624263746823068,0.0,1.2222545683214519,0.0,-1.867712276595334,0.0,-0.029111204535415908 rotation 0.0,56.24534441309165,0.0,2.84564675920143,0.0,-8.540550971493893,0.0,6.40592402850593,0.0,-0.01408596025613404,0.0,2.4064121269275285,0.0,6.398898191891616,0.0,-15.7428097166601,0.0,-0.035504193156525005
Generation 648: movement 0.0381232063864501,0.0,-0.04827919105342228,0.0,-0.026790328352814488,0.0,-0.08427149379554141,0.0,0.1516343223486241,0.0,-0.5555761826975749,0.0,0.8643125305316138,0.0,1.2222545683214519,0.0,-1.867712276595334,0.0,-0.029111204535415908 rotation 0.0,56.24534441309165,0.0,2.84564675920143,0.0,-8.540550971493893,0.0,6.408561455229909,0.0,-0.01820693951235057,0.0,2.4064121269275285,0.0,5.293863345713662,0.0,-14.016192769507045,0.0,-0.035504193156525005
Generation 669: movement 0.0381232063864501,0.0,-0.04623043834973051,0.0,-0.029991504452332878,0.0,-0.08496588925347412,0.0,0.15517198556465622,0.0,-0.4986750197131057,0.0,0.769416498737003,0.0,1.1640781502638586,0.0,-1.7768116233803446,0.0,-0.029111204535415908 rotation 0.0,56.24374509727565,0.0,2.6316607735671176,0.0,-8.026735908127709,0.0,6.134253047130451,0.0,-0.02279774800945276,0.0,2.5209676480690217,0.0,5.1260783724874575,0.0,-14.013098771438777,0.0,-0.040338565138191486
Generation 672: movement 0.0381232063864501,0.0,-0.045935745074519634,0.0,-0.030451962694849868,0.0,-0.08496588925347412,0.0,0.15517198556465622,0.0,-0.5089809634605842,0.0,0.7855195358424383,0.0,1.1640781502638586,0.0,-1.7725668849145708,0.0,-0.03574360838818725 rotation 0.0,56.243074802928085,0.0,2.396883635255875,0.0,-7.658260168706911,0.0,6.1288919167137745,0.0,-0.014420981733396551,0.0,2.5209676480690217,0.0,6.041791333481116,0.0,-15.449647265955608,0.0,-0.03135888863156845
Generation 682: movement 0.0381232063864501,0.0,-0.04562870463958661,0.0,-0.02666979632285963,0.0,-0.09162513464655707,0.0,0.15517198556465622,0.0,-0.5089809634605842,0.0,0.7855195358424383,0.0,1.1640781502638586,0.0,-1.7725668849145708,0.0,-0.03574360838818725 rotation 0.0,56.243074802928085,0.0,2.396883635255875,0.0,-7.658260168706911,0.0,6.123470257030861,0.0,-0.005949638478843843,0.0,2.6612634010756855,0.0,5.822579219408204,0.0,-15.449647265955608,0.0,-0.03135888863156845
Generation 735: movement 0.0381232063864501,0.0,-0.04562870463958661,0.0,-0.02666979632285963,0.0,-0.08933111474254903,0.0,0.1577372074772013,0.0,-0.5587838093159948,0.0,0.848322742226484,0.0,1.1640781502638586,0.0,-1.7725668849145708,0.0,-0.03574360838818725 rotation 0.0,56.24481954153526,0.0,2.39415748118217,0.0,-7.658260168706911,0.0,6.123470257030861,0.0,-0.005949638478843843,0.0,2.4132202087902797,0.0,7.018716468110995,0.0,-16.71303751713818,0.0,-0.03135888863156845
Generation 737: movement 0.0381232063864501,0.0,-0.04562870463958661,0.0,-0.02666979632285963,0.0,-0.08933111474254903,0.0,0.1577372074772013,0.0,-0.582225383108191,0.0,0.8849502012767906,0.0,1.057609409545409,0.0,-1.6062094775419933,0.0,-0.03574360838818725 rotation 0.0,56.24481954153526,0.0,2.201475239660298,0.0,-7.357194166328987,0.0,6.123470257030861,0.0,-0.005949638478843843,0.0,2.378765281396291,0.0,7.072552292164102,0.0,-16.710875721640903,0.0,-0.03473669409606129
Generation 744: movement 0.0381232063864501,0.0,-0.04976615348367624,0.0,-0.024645008086733956,0.0,-0.08239365289447971,0.0,0.1592668635212414,0.0,-0.5846154706770037,0.0,0.8849502012767906,0.0,1.057609409545409,0.0,-1.6117224471516942,0.0,-0.027129593373029465 rotation 0.0,56.24407219297082,0.0,2.2026429717922325,0.0,-7.357194166328987,0.0,6.123470257030861,0.0,-0.005949638478843843,0.0,2.378765281396291,0.0,7.8759882430691475,0.0,-17.966244394930037,0.0,-0.03473669409606129
Generation 747: movement 0.0381232063864501,0.0,-0.04882149910115788,0.0,-0.026121030559418893,0.0,-0.08239365289447971,0.0,0.15465872397948202,0.0,-0.5774152526430046,0.0,0.8849502012767906,0.0,1.0962660274292684,0.0,-1.6721234125952247,0.0,-0.027129593373029465 rotation 0.0,56.24407219297082,0.0,2.3723861070977876,0.0,-7.622417815243916,0.0,6.123470257030861,0.0,-0.005949638478843843,0.0,2.538219290852056,0.0,7.626841353294515,0.0,-17.966244394930037,0.0,-0.03473669409606129
Generation 788: movement 0.0381232063864501,0.0,-0.045829769572447145,0.0,-0.032116037267699626,0.0,-0.080330482082495,0.0,0.15465872397948202,0.0,-0.5249134852134612,0.0,0.8029161896681289,0.0,1.0962660274292684,0.0,-1.6721234125952247,0.0,-0.027129593373029465 rotation 0.0,56.24407219297082,0.0,2.3723861070977876,0.0,-7.2791508003504415,0.0,5.587115546259806,0.0,-0.005949638478843843,0.0,2.538219290852056,0.0,8.591570956864622,0.0,-19.47363440050833,0.0,-0.03473669409606129
Generation 798: movement 0.0381232063864501,0.0,-0.045829769572447145,0.0,-0.032116037267699626,0.0,-0.0828623650377111,0.0,0.15861479109700719,0.0,-0.5249134852134612,0.0,0.8029161896681289,0.0,1.0076956063328297,0.0,-1.5393704883283246,0.0,-0.018319657910084088 rotation 0.0,56.24407219297082,0.0,2.3723861070977876,0.0,-7.2791508003504415,0.0,5.587115546259806,0.0,-0.005949638478843843,0.0,2.538219290852056,0.0,7.848139835100491,0.0,-18.312023272751873,0.0,-0.03473669409606129
Generation 842: movement 0.0381232063864501,0.0,-0.045829769572447145,0.0,-0.034621803118458756,0.0,-0.07894710589589995,0.0,0.16408706013398475,0.0,-0.5334639055837386,0.0,0.8029161896681289,0.0,1.064878622889101,0.0,-1.6287189516974983,0.0,-0.018319657910084088 rotation 0.0,56.24407219297082,0.0,2.4473489502936148,0.0,-7.396280242843922,0.0,5.587115546259806,0.0,-0.011580620537392203,0.0,2.5470177003185377,0.0,7.679527430847302,0.0,-18.043046830507997,0.0,-0.04336100753085711
Generation 847: movement 0.03494377856656241,0.0,-0.04267637687312494,0.0,-0.026388200665048822,0.0,-0.08738226776340496,0.0,0.16408706013398475,0.0,-0.5334639055837386,0.0,0.8029161896681289,0.0,1.0672841244805695,0.0,-1.628852393655494,0.0,-0.02398396147051193 rotation 0.0,56.24407219297082,0.0,2.4473489502936148,0.0,-7.396280242843922,0.0,5.587115546259806,0.0,-0.011580620537392203,0.0,2.5470177003185377,0.0,7.679527430847302,0.0,-18.047063863542817,0.0,-0.03708439341395167
Generation 850: movement 0.03998863171766461,0.0,-0.05055895992172213,0.0,-0.026388200665048822,0.0,-0.08738226776340496,0.0,0.16408706013398475,0.0,-0.5199495970439162,0.0,0.7818000825746565,0.0,1.0672841244805695,0.0,-1.628852393655494,0.0,-0.02398396147051193 rotation 0.0,56.24407219297082,0.0,2.4473489502936148,0.0,-7.396280242843922,0.0,5.587115546259806,0.0,-0.011580620537392203,0.0,2.5470177003185377,0.0,7.679527430847302,0.0,-18.044774134598498,0.0,-0.040662094889446734
Generation 851: movement 0.045033484868766814,0.0,-0.05844154297031932,0.0,-0.026388200665048822,0.0,-0.08738226776340496,0.0,0.16408706013398475,0.0,-0.5064352885040939,0.0,0.760683975481184,0.0,1.0672841244805695,0.0,-1.628852393655494,0.0,-0.02398396147051193 rotation 0.0,56.24407219297082,0.0,2.4473489502936148,0.0,-7.396280242843922,0.0,5.587115546259806,0.0,-0.011580620537392203,0.0,2.5470177003185377,0.0,7.679527430847302,0.0,-18.042484405654182,0.0,-0.0442397963649418
Generation 854: movement 0.045033484868766814,0.0,-0.05844154297031932,0.0,-0.03171723469699838,0.0,-0.07905565208848378,0.0,0.15954232097826462,0.0,-0.4993341335732812,0.0,0.760683975481184,0.0,1.0672841244805695,0.0,-1.628852393655494,0.0,-0.02398396147051193 rotation 0.0,56.24407219297082,0.0,2.589081056202167,0.0,-7.342524546069448,0.0,5.1567008979491655,0.0,-0.010962303490945166,0.0,2.4562786496767197,0.0,7.821307197475143,0.0,-18.042484405654182,0.0,-0.0442397963649418
Generation 856: movement 0.045033484868766814,0.0,-0.05334744584933462,0.0,-0.04486480671108637,0.0,-0.07094933136575034,0.0,0.15954232097826462,0.0,-0.504592319969893,0.0,0.7750251523306799,0.0,1.057713404785585,0.0,-1.62389862562873,0.0,-0.03172422401233048 rotation 0.0,56.24407219297082,0.0,2.589081056202167,0.0,-7.342524546069448,0.0,5.1567008979491655,0.0,-0.010962303490945166,0.0,2.5206835831572585,0.0,7.720674488911801,0.0,-18.042484405654182,0.0,-0.0442397963649418
Generation 859: movement 0.045033484868766814,0.0,-0.05334744584933462,0.0,-0.04486480671108637,0.0,-0.07094933136575034,0.0,0.15381267430719375,0.0,-0.4956397470463447,0.0,0.7784405576739257,0.0,0.9702240941749871,0.0,-1.4955349697509543,0.0,-0.03172422401233048 rotation 0.0,56.24407219297082,0.0,2.589081056202167,0.0,-7.342524546069448,0.0,5.1567008979491655,0.0,-0.01239689466660518,0.0,2.5229251318692274,0.0,7.330880777468115,0.0,-17.433431731523424,0.0,-0.0442397963649418
Generation 865: movement 0.04895914326806054,0.0,-0.06191555281325448,0.0,-0.036748884463847324,0.0,-0.0724681986189119,0.0,0.1456576278582397,0.0,-0.49430994469975037,0.0,0.7763627415073721,0.0,0.9702240941749871,0.0,-1.4955349697509543,0.0,-0.03172422401233048 rotation 0.0,56.24407219297082,0.0,2.4717806307631256,0.0,-7.1592426313209465,0.0,5.1567008979491655,0.0,-0.014425745906791167,0.0,2.6898346814132434,0.0,7.0750378564037,0.0,-17.433431731523424,0.0,-0.0442397963649418
Generation 871: movement 0.054802999180985135,0.0,-0.07104657767719916,0.0,-0.036748884463847324,0.0,-0.0724681986189119,0.0,0.1439321358673059,0.0,-0.49161386346391633,0.0,0.7763627415073721,0.0,0.9702240941749871,0.0,-1.4955349697509543,0.0,-0.03172422401233048 rotation 0.0,56.24407219297082,0.0,2.4717806307631256,0.0,-7.427973120378347,0.0,5.576592287101353,0.0,-0.014425745906791167,0.0,2.6898346814132434,0.0,7.0750378564037,0.0,-17.433431731523424,0.0,-0.0442397963649418
Generation 905: movement 0.05621295043910908,0.0,-0.06838499028992864,0.0,-0.04434987857023665,0.0,-0.07893547528075573,0.0,0.1540372556514369,0.0,-0.48309714584042557,0.0,0.7631068523153409,0.0,0.9701436534020602,0.0,-1.4955349697509543,0.0,-0.03172422401233048 rotation 0.0,56.24456526013147,0.0,2.343830275500616,0.0,-7.2292544675283725,0.0,5.581795177487061,0.0,-0.0265616227969848,0.0,2.6960946199484384,0.0,7.0750378564037,0.0,-17.433431731523424,0.0,-0.0442397963649418
Generation 911: movement 0.05621295043910908,0.0,-0.06542838890956723,0.0,-0.04896956822705136,0.0,-0.07893547528075573,0.0,0.1540372556514369,0.0,-0.48309714584042557,0.0,0.762158573796143,0.0,0.9716253385883069,0.0,-1.4946606460192928,0.0,-0.03309035484305179 rotation 0.0,56.24456526013147,0.0,2.343830275500616,0.0,-7.2292544675283725,0.0,5.578141762443608,0.0,-0.020853161791589844,0.0,2.6960946199484384,0.0,7.0750378564037,0.0,-17.433431731523424,0.0,-0.0442397963649418
Generation 957: movement 0.05621295043910908,0.0,-0.061992860212984745,0.0,-0.057375326886897254,0.0,-0.06921550696526887,0.0,0.14626617496179864,0.0,-0.4933450318275125,0.0,0.7807580491966938,0.0,0.9675829111731079,0.0,-1.4958367898774578,0.0,-0.0312526300646689 rotation 0.0,56.24456526013147,0.0,2.385559983973161,0.0,-7.5031182728490595,0.0,5.8998337508568826,0.0,-0.01407029253416725,0.0,2.6960946199484384,0.0,7.927432184182921,0.0,-18.765297868678456,0.0,-0.0442397963649418
Generation 958: movement 0.05621295043910908,0.0,-0.05855733151640226,0.0,-0.06578108554674314,0.0,-0.05949553864978202,0.0,0.1384950942721604,0.0,-0.5035929178145994,0.0,0.7993575245972445,0.0,0.9635404837579089,0.0,-1.4970129337356228,0.0,-0.029414905286286007 rotation 0.0,56.24456526013147,0.0,2.4272896924457057,0.0,-7.7769820781697465,0.0,6.221525739270157,0.0,-0.007287423276744656,0.0,2.6960946199484384,0.0,8.779826511962142,0.0,-20.097164005833488,0.0,-0.0442397963649418
Generation 962: movement 0.05906167739070825,0.0,-0.06300846737827596,0.0,-0.06357684616479543,0.0,-0.06311578743676421,0.0,0.13877028919823678,0.0,-0.5035929178145994,0.0,0.7993575245972445,0.0,0.9635404837579089,0.0,-1.4970129337356228,0.0,-0.029414905286286007 rotation 0.0,56.24456526013147,0.0,2.4272896924457057,0.0,-7.7769820781697465,0.0,6.221525739270157,0.0,-0.007287423276744656,0.0,2.5386780684814654,0.0,9.562170504553283,0.0,-20.93684179047031,0.0,-0.04176628258669068
Generation 965: movement 0.05906167739070825,0.0,-0.06300846737827596,0.0,-0.06217927600546631,0.0,-0.06258010954752785,0.0,0.13452125597450534,0.0,-0.5289628973546048,0.0,0.8389981176285028,0.0,0.958083812725816,0.0,-1.487556850710654,0.0,-0.03086808425085454 rotation 0.0,56.242156115685326,0.0,2.4246955527835774,0.0,-7.7670470346397,0.0,6.219569426231132,0.0,-0.004230684153267925,0.0,2.6051436870493703,0.0,9.45831797554093,0.0,-20.94177793618726,0.0,-0.03405355490395829
Generation 973: movement 0.05906167739070825,0.0,-0.06300846737827596,0.0,-0.06329687304105902,0.0,-0.05649757768030904,0.0,0.1277458083196535,0.0,-0.5289628973546048,0.0,0.8389981176285028,0.0,0.8960842743183889,0.0,-1.3906825719490492,0.0,-0.03086808425085454 rotation 0.0,56.242156115685326,0.0,2.4246955527835774,0.0,-8.023498717964753,0.0,6.61638036128632,0.0,0.0018549723158060305,0.0,2.6051436870493703,0.0,9.45831797554093,0.0,-20.940790910814027,0.0,-0.035595782049636315
Generation 987: movement 0.05507412669577419,0.0,-0.056777919417441494,0.0,-0.06503214066530529,0.0,-0.05378622201742425,0.0,0.1265754182274811,0.0,-0.5271341628355855,0.0,0.8389981176285028,0.0,0.8960842743183889,0.0,-1.3906825719490492,0.0,-0.03086808425085454 rotation 0.0,56.23841327479397,0.0,2.4305437416763236,0.0,-8.023498717964753,0.0,6.61638036128632,0.0,0.0018549723158060305,0.0,2.6051436870493703,0.0,9.45831797554093,0.0,-20.935903983115573,0.0,-0.04323160657846716
Generation 1016: movement 0.05507412669577419,0.0,-0.056777919417441494,0.0,-0.06520355597276524,0.0,-0.053518385599518076,0.0,0.1206209735206818,0.0,-0.5201409877268164,0.0,0.8426085000435105,0.0,0.8960842743183889,0.0,-1.3912797628987306,0.0,-0.02993497339197737 rotation 0.0,56.23317015067201,0.0,2.4387361231168896,0.0,-8.023498717964753,0.0,6.61638036128632,0.0,0.0018843136034026181,0.0,2.4400655054545397,0.0,9.716181000279933,0.0,-20.938657678266054,0.0,-0.038928957905842464
Generation 1019: movement 0.05452368513890526,0.0,-0.05591785448483379,0.0,-0.05987458338367213,0.0,-0.061844905269976054,0.0,0.1216616818410466,0.0,-0.5217670944773863,0.0,0.8432533820850235,0.0,0.8950766461285247,0.0,-1.3912797628987306,0.0,-0.02993497339197737 rotation 0.0,56.23317015067201,0.0,2.4387361231168896,0.0,-8.023498717964753,0.0,6.61638036128632,0.0,0.0018843136034026181,0.0,2.4400655054545397,0.0,9.716181000279933,0.0,-20.942548685700835,0.0,-0.032849258788997006
Generation 1024: movement 0.05452368513890526,0.0,-0.06122182844973832,0.0,-0.051587124063508794,0.0,-0.061844905269976054,0.0,0.1216616818410466,0.0,-0.5217670944773863,0.0,0.8432533820850235,0.0,0.8950766461285247,0.0,-1.3912797628987306,0.0,-0.02993497339197737 rotation 0.0,56.23317015067201,0.0,2.4387361231168896,0.0,-8.023498717964753,0.0,6.619289340765477,0.0,-0.0026609668327800956,0.0,2.4400655054545397,0.0,10.009125059497842,0.0,-21.40027377822882,0.0,-0.032849258788997006
Generation 1032: movement 0.05452368513890526,0.0,-0.06122182844973832,0.0,-0.051587124063508794,0.0,-0.061844905269976054,0.0,0.1216616818410466,0.0,-0.5217670944773863,0.0,0.8432533820850235,0.0,0.9635103529411048,0.0,-1.4920236753192475,0.0,-0.03959708975782021 rotation 0.0,56.23317015067201,0.0,2.4387361231168896,0.0,-8.023498717964753,0.0,6.618224566055318,0.0,-0.0023096168311421625,0.0,2.442116068709206,0.0,9.987499761871304,0.0,-21.366484250687353,0.0,-0.032849258788997006
Generation 1038: movement 0.05452368513890526,0.0,-0.06122182844973832,0.0,-0.051587124063508794,0.0,-0.061844905269976054,0.0,0.1216616818410466,0.0,-0.5217670944773863,0.0,0.8432533820850235,0.0,0.9420925687715721,0.0,-1.46211650242896,0.0,-0.034037535266246186 rotation 0.0,56.23317015067201,0.0,2.4387361231168896,0.0,-8.047665297227429,0.0,6.65598484615325,0.0,-0.005510282342611424,0.0,2.4471171085708763,0.0,9.987499761871304,0.0,-21.366484250687353,0.0,-0.032849258788997006
Generation 1059: movement 0.05452368513890526,0.0,-0.06122182844973832,0.0,-0.055812373999924156,0.0,-0.0498480199123949,0.0,0.11323210007240261,0.0,-0.5217670944773863,0.0,0.8432533820850235,0.0,0.9420925687715721,0.0,-1.46211650242896,0.0,-0.034037535266246186 rotation 0.0,56.23317015067201,0.0,2.4387361231168896,0.0,-8.317483154346139,0.0,7.077575247901232,0.0,-0.005022661711239398,0.0,2.6258011631925333,0.0,9.707115446467903,0.0,-21.366484250687353,0.0,-0.032849258788997006
Generation 1075: movement 0.05116864558902631,0.0,-0.055979579153052475,0.0,-0.05780644112168137,0.0,-0.04744486827504291,0.0,0.11434550357301773,0.0,-0.5544859765099649,0.0,0.9003105533388459,0.0,0.9313210351081687,0.0,-1.4597730857623101,0.0,-0.034037535266246186 rotation 0.0,56.23317015067201,0.0,2.5153574910058545,0.0,-8.437204041672645,0.0,7.077575247901232,0.0,-0.005022661711239398,0.0,2.7062429236375767,0.0,9.581425195772525,0.0,-21.366484250687353,0.0,-0.032849258788997006
Generation 1077: movement 0.0557010108064882,0.0,-0.06511776220735284,0.0,-0.05459337486853111,0.0,-0.04744486827504291,0.0,0.10899878603381605,0.0,-0.5650787667119719,0.0,0.9299152976466732,0.0,0.8863347080608069,0.0,-1.3894819497508073,0.0,-0.034037535266246186 rotation 0.0,56.23317015067201,0.0,2.6197978736190954,0.0,-8.930825779027941,0.0,7.593877809654526,0.0,-0.005022661711239398,0.0,2.50972003575202,0.0,9.888492208093705,0.0,-21.366484250687353,0.0,-0.032849258788997006
Generation 1078: movement 0.060233376023950076,0.0,-0.07425594526165319,0.0,-0.05138030861538084,0.0,-0.04744486827504291,0.0,0.10365206849461436,0.0,-0.5756715569139786,0.0,0.9595200419545006,0.0,0.8413483810134451,0.0,-1.3191908137393045,0.0,-0.034037535266246186 rotation 0.0,56.23317015067201,0.0,2.724238256232336,0.0,-9.424447516383239,0.0,8.110180371407818,0.0,-0.005022661711239398,0.0,2.313197147866464,0.0,10.195559220414886,0.0,-21.366484250687353,0.0,-0.032849258788997006
Generation 1079: movement 0.06476574124141196,0.0,-0.08339412831595355,0.0,-0.04816724236223058,0.0,-0.04744486827504291,0.0,0.09830535095541268,0.0,-0.5862643471159855,0.0,0.9891247862623279,0.0,0.7963620539660833,0.0,-1.2488996777278016,0.0,-0.034037535266246186 rotation 0.0,56.23317015067201,0.0,2.828678638845577,0.0,-9.918069253738533,0.0,8.62648293316111,0.0,-0.005022661711239398,0.0,2.116674259980908,0.0,10.502626232736068,0.0,-21.366484250687353,0.0,-0.032849258788997006
Generation 1082: movement 0.06476574124141196,0.0,-0.0845172756985866,0.0,-0.04641232457686645,0.0,-0.0438602537726147,0.0,0.09551587387390068,0.0,-0.5906572894261919,0.0,0.9891247862623279,0.0,0.7963620539660833,0.0,-1.2488996777278016,0.0,-0.034037535266246186 rotation 0.0,56.235326189583795,0.0,2.8253098280459157,0.0,-10.13223731765357,0.0,8.961120533028353,0.0,-0.005022661711239398,0.0,2.172571603968831,0.0,10.415286632754938,0.0,-21.36293443574006,0.0,-0.03839584464414504
Generation 1131: movement 0.06476574124141196,0.0,-0.0845172756985866,0.0,-0.04641232457686645,0.0,-0.04631658293245743,0.0,0.09935388818615495,0.0,-0.5906572894261919,0.0,0.9891247862623279,0.0,0.7963620539660833,0.0,-1.2488996777278016,0.0,-0.034037535266246186 rotation 0.0,56.235326189583795,0.0,2.9357114163342657,0.0,-10.304739799354117,0.0,8.9548004215754,0.0,0.006670499953777151,0.0,2.1697309984691833,0.0,10.415286632754938,0.0,-21.36209131429159,0.0,-0.039713221907379186
Generation 1159: movement 0.06476574124141196,0.0,-0.0845172756985866,0.0,-0.04641232457686645,0.0,-0.048470920980995515,0.0,0.1027200413869957,0.0,-0.5906572894261919,0.0,0.9891247862623279,0.0,0.7963620539660833,0.0,-1.2503420918020038,0.0,-0.03178376327530523 rotation 0.0,56.22928428231596,0.0,2.9451518964402537,0.0,-10.444500179950353,0.0,9.173176016257017,0.0,0.009492764411036261,0.0,2.165321210254716,0.0,10.415286632754938,0.0,-21.363383128362067,0.0,-0.03769476242225807
Generation 1173: movement 0.06476574124141196,0.0,-0.0845172756985866,0.0,-0.04641232457686645,0.0,-0.048470920980995515,0.0,0.1027200413869957,0.0,-0.5906572894261919,0.0,0.9949981923378589,0.0,0.7871848569730661,0.0,-1.2503420918020038,0.0,-0.03178376327530523 rotation 0.0,56.22928428231596,0.0,2.9451518964402537,0.0,-10.444500179950353,0.0,9.173176016257017,0.0,0.014305156370616794,0.0,2.1578018478178715,0.0,10.695320695596141,0.0,-21.800936351551446,0.0,-0.03769476242225807
